a= [900900900, 09909000, 09909000, 900900900, 09909000]
b= [900900900, 09909000, 900900000, 09909000, 900900900]
c= [900900900, 09900900, 09900900, 09900900, 900900900]
d= [900900000, 09909000, 09909000, 09909000, 900900000]
e= [900900900, 09900900, 900900000, 09900900, 900900900]
f= [900900900, 09900900, 900090090, 09900900, 09900900]
g= [900900900, 09900900, 09990990, 09909000, 900900900]
h= [09909000, 09909000, 900900900, 09909000, 09909000]
i= [900900900, 00090990, 00090990, 00090990, 900900900]
j= [00090090, 00000900, 00000900, 09909000, 900900900]
k= [09909000, 09990090, 900090090, 09990090, 09909000]
l= [09900900, 09900900, 09900900, 09900900, 900900900]
m= [09909000, 900009000, 90000900, 09909000, 09909000]
n= [09909000, 900000000, 90000900, 09990990, 09909000]
o= [09090990, 09909000, 09909000, 09909000, 09090990]
p= [900900000, 09909000, 900900000, 09900900, 09900900]
q= [900900900, 09909000, 09909000, 900900900, 00090990]
r= [900900000, 09909000, 900900000, 09909000, 09909000]
s= [900900900, 09900900, 900900900, 00000900, 900900900]
t= [900900900, 00090990, 00090990, 00090990, 00090990]
u= [09909000, 09909000, 09909000, 09909000, 900900900]
v= [09909000, 09909000, 09000000, 09000000, 00090990]
x= [09909000, 09000000, 00090990, 09000000, 09909000]
y= [09909000, 09909000, 09000000, 00090990, 00090990]
z= [900900900, 00009000, 00090990, 00990090, 900900900]